242
-727
-317
662
590
-288
931
-640
151
-548
-868
70
-759
758
-565
892
-168
-72
-564
-686
-663
866
879
679
441
-684
15
614
249
-410
-343
-124
557
-672
-376
-952
651
-675
449
955
-679
-573
-177
-478
-458
-731
870
700
-738
-86
-681
-183
145
343
615
2
434
-182
-169
-754
773
100
664
857
835
302
275
956
-662
407
507
-6
966
-416
495
-460
-638
-962
-48
-522
134
-667
-384
-79
242
-899
-315
-435
592
-150
-399
507
800
262
52
-469
844
990
929
-500
212
-269
-551
-852
613
-231
-588
269
-676
203
663
106
584
948
209
508
-252
-982
995
-399
598
141
-698
992
533
-553
-956
886
273
749
619
495
401
769
909
502
-749
-288
-340
318
-251
-372
-281
428
-721
674
515
305
829
-891
296
817
-359
-590
669
658
320
-442
979
-161
8
907
286
-676
-816
-634
-517
-402
-627
293
58
-423
-218
-442
580
-723
98
85
-417
89
405
889
351
792
-4
818
-348
464
-375
-967
-141
10
-37
206
953
936
-694
643
-38
-70
-976
-571
727
-587
-325
616
642
586
-494
334
-905
265
840
559
-846
-786
-975
823
-507
54
249
-190
67
-516
872
382
386
22
1
-31
66
749
-30
-700
965
978
754
258
622
-871
-30
569
190
622
-417
-739
907
-841
780
-319
-721
-938
-344
-181
-460
373
135
-678
-645
489
67
-169
-174
347
444
-254
-869
68
740
-464
-355
640
754
87
-328
-851
299
-714
355
-211
-260
-406
439
-759
449
307
-249
-622
475
150
943
853
-543
-490
468
973
-16
192
-968
-437
550
-777
947
153
111
729
-67
-435
989
26
-342
219
-351
158
-310
780
203
-971
-492
-389
19
-327
-775
531
-439
100
906
-511
106
157
-436
-242
342
836
-687
710
-800
-199
483
135
673
418
-934
266
-186
365
-23
-656
335
224
-637
95
-680
-24
253
971
-937
-889
375
124
473
437
555
-859
319
579
-758
23
941
630
53
582
228
305
-633
528
980
-599
987
62
-510
198
1000
327
659
-203
-282
469
-439
-770
-230
552
741
-559
-606
-977
240
788
405
880
873
305
-261
454
983
525
-684
565
-258
-411
-949
252
892
-399
-328
-216
-900
346
931
363
-457
672
-857
-950
297
-16
704
23
-681
-654
217
907
395
-357
-417
526
941
108
-105
655
-709
-505
989
800
-260
528
-680
732
59
717
593
-998
-720
-555
-866
-372
-534
-761
-383
-995
587
-377
15
-103
111
-52
658
497
243
-891
-757
601
507
166
-119
-517
-340
-446
59
-307
-252
513
866
-117
-434
-620
547
-925
-969
597
762
897
693
871
-510
707
-774
-17
578
-427
-496
-785
211
-538
235
-951
-362
-420
80
313
599
-462
831
230
28
941
-839
903
-363
522
988
181
975
394
-169
615
888
616
75
215
-598
-445
-521
405
427
444
617
678
406
-409
-159
-648
-378
-361
-193
-591
-682
984
-748
-65
830
-977
-992
-459
-758
-403
956
-50
-854
540
729
-237
-229
-494
548
-958
-428
657
256
-282
-974
-457
-976
-326
-800
55
955
-576
-502
-583
-226
-123
-629
-913
734
-713
-440
-892
-489
77
353
-859
193
482
-80
1
-687
-25
-737
-165
601
833
-474
580
-803
-872
174
-3
869
-29
-896
9
402
489
946
973
-313
-993
858
-12
758
615
682
227
-1000
198
776
827
-381
969
-414
322
194
318
327
24
140
-897
-501
999
-227
-356
-380
-929
554
-723
553
45
-7
-187
-426
-467
-472
-626
-124
320
-69
-945
677
-974
554
-41
-924
-692
424
430
525
-145
-130
706
161
-889
-242
7
590
25
-4
198
496
-561
-483
773
-236
742
-113
960
-781
-372
235
-147
437
-676
324
121
520
262
-423
-970
515
334
-343
556
358
667
-992
701
-391
-140
867
-868
640
-604
-235
733
600
930
140
-501
109
-520
-664
-322
841
-846
-437
-735
-974
-569
383
550
798
-321
516
-439
731
627
-425
-761
761
-865
-47
-367
-202
-676
979
309
-378
-79
-314
-304
-85
217
-934
871
-947
-757
-504
-902
669
799
-491
-959
594
532
-574
274
-817
-3
-547
574
110
-740
321
14
-270
687
-496
531
246
697
-115
364
-628
-811
-751
-731
-205
-890
80
-522
693
535
88
960
898
-488
784
-501
554
480
-862
825
25
265
355
-346
137
-696
-390
985
463
-673
923
-208
311
-828
36
-33
-11
481
628
-702
265
-416
-981
-537
-934
423
445
378
339
-680
-894
259
-944
-175
-991
233
621
-706
933
-578
-36
964
-629
879
707
-997
633
-626
-147
-833
986
705
584
-56
681
-22
-715
-443
402
792
867
649
830
850
773
162
-344
-11
197
679
-415
944
438
657
637
-300
-266
-859
-355
-630
294
-280
-393
-826
748
883
-58
-92
944
599
-909
-137
921
542
452
782
-575
535
313
-318
513
206
-41
482
-498
-887
636
814
-944
-12
424
879
-221
606
-206
-981
-689
-370
674
-334
943
871
-938
-178
531
914
970
-831
407
825
-29
-615
233
387
-137
766
-850
-78
947
-871
-967
-348
130
-700
-519
319
195
-465
150
64
-58
-784
967
302
598
474
-410
504
-181
-58
-13
956
493
-390
834
921
-989
-619
-131
533
-730
-191
280
58
797
-782
-709
-531
-966
-494
-733
-211
-827
-276
-700
418
-581
487
37
248
932
907
959
254
-203
-122
-554
883
492
-44
819
-606
-59
522
399
923
-672
-782
-21
-458
293
435
89
-837
191
-352
471
812
870
-37
460
483
-198
79
-245
-973
-517
526
440
658
582
-216
981
-683
-322
869
-226
-895
-251
-737
727
475
-154
843
811
-465
-508
704
-694
-37
616
-81
-704
241
-348
-905
-236
982
-60
834
-116
57
481
547
717
-842
159
-391
-920
-522
-144
-416
-109
47
995
-583
-28
-764
525
-325
-459
-640
-101
237
-318
-142
451
240
663
-596
381
152
501
970
-951
-694
-535
-397
777
-868
890
-439
327
872
82
-217
-800
395
829
-78
-572
852
137
-499
723
155
-814
417
-603
-753
591
212
-402
-846
-998
-798
-226
368
113
-876
202
-717
-510
-431
-615
866
851
641
300
-152
968
-662
-787
431
-265
943
769
268
-877
863
-311
967
-916
963
478
-343
-564
-753
-26
556
-788
722
232
-284
-505
-324
433
-836
340
853
-900
-120
764
-256
357
154
371
238
-544
819
928
-490
-380
-292
-934
146
786
-815
372
14
137
-340
288
-288
66
-532
-318
-157
32
-536
-676
719
484
-561
282
-485
-62
-44
-937
393
-294
-294
579
586
-218
-779
860
-416
513
875
-810
-259
-380
-213
-717
-815
-746
422
20
-179
689
529
-998
-34
693
-965
360
207
312
625
-306
-990
717
-791
860
563
-443
-872
-367
-759
-508
703
323
-258
973
272
892
-107
-723
810
502
300
-774
-522
462
-881
-348
675
-552
452
273
-373
432
-923
-865
-206
255
-724
635
334
-390
-646
623
303
-522
400
166
31
861
108
-290
891
-145
-721
-695
-409
484
182
635
-555
-712
611
872
-971
591
86
866
-534
339
544
-682
303
517
196
705
-797
-764
-657
487
452
-634
-686
-927
-447
-982
-119
786
145
-421
-704
-547
252
933
-386
-88
814
-22
-219
748
844
-170
-526
496
-532
-1
633
892
-993
-844
524
-508
289
-305
448
-829
-421
-413
-521
-505
-187
149
-799
-471
939
-943
206
-912
-332
200
857
-528
-355
-331
584
-588
762
226
926
-479
-969
37
-229
476
780
413
628
-115
-549
-699
-475
1
-209
-636
-98
169
-842
758
-250
851
744
-305
681
369
-986
-21
563
-294
261
-265
229
-482
-223
-228
468
-67
822
738
-159
118
-911
797
-509
481
-517
699
-206
-346
466
-308
717
-799
-995
-340
307
-700
-394
-283
-452
324
175
596
-181
-664
17
-643
-288
-543
31
92
434
-413
883
-216
-837
111
-349
-336
654
562
-831
881
383
-764
941
-35
849
-672
869
682
69
479
719
-120
-198
864
-354
-881
703
19
-551
12
-582
1000
-666
201
294
325
450
-601
-129
-687
-874
327
102
75
247
-220
-149
-136
685
-609
-57
-396
570
-208
338
-558
910
385
484
-776
187
-221
-891
-981
-796
-405
-649
180
980
233
743
355
298
609
-224
-987
-407
-372
961
-209
-529
-18
528
624
810
-155
94
-563
-511
208
417
-583
48
-36
-50
-126
413
233
-967
492
999
-194
-61
255
991
154
-905
580
851
132
329
-275
-112
-100
-506
556
-954
-575
-486
73
-154
296
-806
563
582
-958
-672
-576
-689
-78
682
361
-921
-679
83
-121
-248
-587
913
-19
-19
-997
-5
168
418
958
785
-550
934
453
662
856
-612
-485
-209
-517
804
712
287
288
-999
-638
-992
657
62
-98
533
58
-578
444
123
-530
325
380
268
674
-164
-925
-50
478
-126
-436
268
435
-102
623
681
-328
130
-140
427
-884
-52
272
539
542
-488
-937
-360
-336
627
105
-52
-187
-379
-321
-844
-577
86
-574
-835
434
-738
918
-175
361
-249
778
-758
-736
-11
426
-632
867
102
822
-470
946
265
682
-351
-524
-547
-99
854
780
-548
483
-828
6
-799
336
645
981
-447
426
342
264
39
-8
-516
202
917
75
834
-374
398
985
837
376
305
-564
532
113
-364
-629
-473
599
453
-181
455
47
-117
-665
415
-674
-388
517
-847
928
606
-736
-897
-456
-333
813
-956
-77
196
-403
-933
453
647
141
-233
311
-17
-594
-126
246
-952
-808
244
-783
92
193
318
-652
-352
-26
-560
-772
845
713
547
-797
367
-758
-507
287
683
608
175
-7
830
-429
-433
245
-995
231
251
-998
183
572
661
-863
-946
-893
-159
-459
837
-493
724
192
-877
273
-496
521
556
-987
213
-593
74
-135
880
-608
817
-885
-774
-622
-757
433
-319
-921
65
-870
103
332
806
873
-406
-477
-17
-223
-45
608
-337
807
823
795
-797
288
-468
-586
-440
363
-158
-947
-249
819
593
-294
-657
46
121
132
-683
483
-462
-771
-651
-876
44
-403
-235
206
227
-422
159
-573
-825
-831
-272
-497
-413
-676
992
-481
138
285
-732
732
-831
-32
-404
649
341
287
43
-953
-667
-842
-945
-536
548
968
529
398
861
464
991
661
293
-163
-188
285
-751
-276
829
-446
-953
323
713
872
-444
990
-375
164
-185
-756
585
202
-149
-879
518
-811
-443
354
-500
383
492
48
-345
843
469
649
-785
958
914
-286
-747
-379
619
348
455
308
181
-662
577
347
-385
-301
-44
-284
-237
300
285
-81
-14
93
-663
-399
48
-682
-538
-634
-764
688
1
310
205
-404
-861
470
-185
-610
676
-550
-615
462
358
-100
-500
-859
-400
-676
-537
58
735
-358
-493
-417
-398
971
975
-701
-393
-679
481
226
234
80
-919
933
47
-599
173
