676367708
-809109821
-980433502
18488699
-801965566
-800776439
-505478694
-748491325
825296562
921605198
-222569885
-244194206
993173105
-335299423
-60278690
681103198
-932253447
-987960522
-770369497
-954056843
826175908
861733281
-990687032
-229689916
959809230
-809356052
-876608158
464457797
-797082893
822485709
277121016
-252832359
800756733
-799490238
-753978033
109060870
208096579
-920097212
-396804526
-781606168
257215053
-153668625
905104724
508753124
-379794029
523099452
208617989
496235179
-868853692
827616069
67654163
-705723627
635086080
770543541
754884260
-307051971
-146981386
-198865689
560656523
724270545
-489715884
-363003347
201299238
130293872
609790098
-643956748
-463308298
-237434307
548687149
-592128576
-721354467
278253999
-152217112
343227771
298595267
785443235
-27899218
299784724
-74129048
805593226
-643426940
47744749
-158891346
-276887257
-346428779
120416205
565514117
849605512
471344221
-391872602
546932104
834308895
-883550579
442958743
-17066613
466024235
351479763
455471832
-331631355
973569271
985586556
-76081762
-307864441
122026956
835344881
-611641922
937276522
925801367
-255985831
-372925184
837242724
242264276
608164873
-533832147
722792849
231185834
113382045
35140206
-513462865
-220325741
-1057196
-12477417
961070069
786386320
802588070
-342128284
-265825318
281053190
-561295861
-385169961
-764698728
-357226620
-198402081
-312504739
979666636
-499982286
-416579181
19958260
501334189
-667879511
281994859
-70373116
-485823490
293239948
872393780
-491334266
-925280807
-383366987
-907611973
-551168884
-95307177
-241673737
462591644
798054989
-995115947
935822371
51594712
-885641584
-635333563
-641154546
-395871484
497495977
-304917256
833376099
132372057
672106765
164625682
-938654882
-458073764
692676269
-263142319
-389810208
-282367860
-297336996
656383524
84650889
139229097
-987762950
-51885934
-171309768
139023274
-717367518
-510591610
-338561046
-695299562
669572516
955615415
-957117011
-463211989
-293472309
384664207
476161541
-816820738
921142860
655911726
-256951905
956873549
-215013715
212378445
-918492941
-642507119
-497386577
458985833
663460995
438443741
-100183898
-10917926
290480629
107579357
393214924
397349533
-561018255
587665869
-838340640
-212106771
505161636
449738412
-579975954
-376033869
-225252278
927598287
-242438515
404990722
996812922
-824068616
-395901763
841391783
-229447222
179916336
-816524901
-249337314
380698197
2843310
-309628999
397920221
-244728344
852050870
-914028720
821991725
842749983
657438821
-618457026
13894930
550132586
163764530
794686545
586433087
-598797029
-46584193
527830488
112044615
-479852690
-864884305
-355149176
-208862343
709222483
320774386
546319973
-836426655
-122158697
756083903
502804989
429513093
822549026
953176891
-217687956
516059389
198886271
158772069
655310383
-954365482
576795610
-168302444
-919295634
78831297
-742420290
-929913069
466541060
568911066
868098890
-752711068
339297271
971823448
917324288
728605722
-956806864
-707197910
238328971
741189361
-493494063
-580076295
3770318
-345348026
253169974
-13538667
867496505
-864003837
654928601
-942708026
886056142
-564424784
-320580109
57761275
810488005
-756266675
-771329990
-661179887
-281759189
-99025599
-442065031
551054699
-924218140
-923581550
530373445
647108118
336927398
277521298
-15421877
-310207186
-563160088
-978363182
-658173832
-943944919
-138512042
-5301690
694527351
-145482821
-986903043
-297068999
-964204485
-645969047
984289530
-742120444
-877612866
-999896975
-140818181
777678018
-335825429
665343189
535245318
705590656
385112134
175487287
-418124554
573532419
270905593
-478059525
-507803340
-215775516
-407980889
-403777861
-176429800
606415890
728722287
94893229
-766362111
-727047110
-370146191
-763861103
278875352
587647457
-962841898
100858884
-342837151
953512567
688725813
-712359044
-836475704
195119889
-335643223
-523593794
396022840
-699542505
316761571
316618896
96878230
-593927278
207624045
880305581
-146002076
127119983
927782303
248070728
357589260
151446966
378334355
-26153913
-432746169
56982805
850290507
38316258
738845795
-661282347
-300989881
455895273
-895378070
889606063
-288887156
-417070529
-903691538
-179417895
825697341
-737973640
711395625
774259732
-925743191
-968359481
705571695
-595929649
41993969
-148161996
289907623
-37935229
-844989284
325695780
-60210225
812920039
-733971784
-466481526
380012080
847887906
391847395
445348733
-430849614
743125290
-531876443
-846085927
-790587114
-496875467
799858033
-977035662
933873517
431460098
-410731330
-523091019
167008484
-803992586
539300228
-452428173
984841348
973911260
-30084759
112499710
-191555062
-109849044
709207640
-60850363
-836936144
-577590149
-553611559
-615685757
-948922490
-587904635
-907005727
-710302916
130056205
-655047202
41033017
697655106
-621355135
-40140243
564511851
-603025557
-223959883
302682390
-122363308
701374745
498385118
-385735343
825479231
335243648
851188325
614107776
-392483221
575700128
-975486552
-15727089
-643326660
-621244979
-482315577
-726301367
4525877
-297203160
-313808583
-4063601
910080478
-291143929
317565070
188067486
802606371
428597313
85144317
82247531
44784868
-322013283
-138804976
-145918282
54992776
-178367883
-763199750
-45010896
136536121
477748166
393867973
783326099
-980027771
747178945
77177516
-388554386
-146336117
399272105
911562220
-476186850
793186665
476892528
317692896
155800941
-755677300
587851571
-486595776
-258267994
369913908
696062880
-862624228
566797933
-125327130
-938557957
340217205
750221847
-571265250
608419241
-987074555
-396825396
-732277257
421241842
-178012213
343839098
-472576031
114046241
349237436
985235198
-441569212
604292741
-318545797
-124020238
374604496
49555210
-741526971
-88238087
615812330
-718155542
370148108
299916992
-18406789
-279244235
306700064
-842203707
-780018965
770305027
190728920
-571852695
-409248000
587719626
-967147211
-797900695
-850911270
473305710
-267665786
804547130
-656621300
608137763
308426226
-962590763
43228512
381310160
721260154
663202134
707944950
652657481
641282711
59047020
-821443785
648262365
-695907664
415512834
-602373027
-344690596
380472492
968331698
860341311
-898381821
-835867212
-497507135
174250442
-802151266
-195344560
702098752
-714710976
-673459743
956681935
-579235243
-214876364
328976640
654074015
-106445142
-237932035
645284206
142979639
-935289271
-935794431
-65131144
264972283
748210581
498106869
-224734190
-377722015
-497043423
-839536128
-449321490
-943248463
-503846058
-285624054
-635984411
713816487
881327030
-4404432
526031370
-958694128
12944770
648767297
-186296237
-322758954
-391132577
515112325
735638085
988518390
48536136
-85497313
870990123
-341724260
811029639
206696741
-29307537
744488131
-333301633
-519418135
555200515
569601111
556249114
465594433
346298523
528520291
-832723622
760807560
309364715
730779021
-790826180
-448499348
362537645
407126549
-752596326
458791129
-274047070
-656537041
748783004
956571669
448761356
-934604817
979571330
-981483148
517297805
-805989722
646375958
822609877
-434750590
-681433897
-708686067
746319058
520799068
131900292
714784737
189103368
-347825842
-895103892
512038697
414501785
808085930
742655305
-326961751
-867876475
-654696822
801101188
-361669026
-606457822
-946470155
-918190279
311736322
913239092
-124987827
-260098994
-812214584
-814182120
927672013
-476016510
262296999
-424572384
203373854
-826849644
890889560
134848216
-878039020
858148738
809662570
-578782429
753516413
-114467684
-470583787
178988614
-123962160
-466735711
171767020
-286936009
957673266
452998935
-901749852
-551705604
-998148513
-267687678
5725192
490602075
-124907027
-475769706
229378000
730833372
997231586
307026190
-633559322
72883394
-604804867
-157617218
-903863174
81390593
-338176318
-778351917
-41141980
-337866515
546460230
967408484
112894966
-592493032
776796862
12775464
-486914007
540751060
424750769
403866633
621383854
845480449
221723683
-622131402
-870284990
-903656021
737404756
29526699
-24909851
814641744
-808313933
-512256891
-161410604
22836768
127418332
-537498963
-879084538
535061366
-763895336
-198008458
-514045091
167139418
-662283777
-226449881
213234124
349759696
-539938043
576642608
212067459
490369278
-106065395
442288706
-248991565
-816696008
-647632857
-819273420
502861251
123222189
271182299
-671057377
-154355390
555222140
597154166
468499880
-981073180
463724644
459980608
-429898930
-542934847
156158061
648486892
542773029
-68212175
531328402
-69873900
996530632
977792855
699780513
-859919208
890124657
738372257
82225287
-242421983
-720073086
-962172206
13450383
750194846
96893680
305156709
789075609
-680999677
74410243
-76427235
-947395487
513233555
575714453
-244027560
261491841
-166592144
-117378426
-944986428
-989455268
-958974076
-270941889
-642869139
-96895842
-17397627
-524053552
-493996972
-449478603
823065111
833581710
503579660
643262930
-146140497
927248200
-948755695
962604744
-807679485
-204375395
658982583
-494693414
-440341093
715439554
-937509612
90137068
351163417
273815583
-644227211
909280616
933710207
-884742315
207998874
-973636922
238118037
-547055793
-63449358
155519535
-684605916
-592726363
641772085
511805657
-544142677
861257619
-623103778
-960810857
-36776852
-800517745
-319742811
-351233504
96780840
902097923
660575598
-974891384
-687562813
-833377138
-945302358
159871798
272828462
-504770590
-402145757
-796160751
406432558
658583021
-914717472
503804937
676594378
205132304
-637378447
596223945
-679821955
-691317046
424742985
773233530
-188515900
-699735729
-367399512
494404423
775995306
-363821195
-344310897
-361980584
734130472
346457528
-391982140
-697215861
-266470927
388442151
379061989
437756487
66799692
946395172
-786085680
948763826
-717281234
-818392029
728176239
-269855140
946136931
175470802
244758432
627705194
615917816
517984425
-996989897
933026877
-27050922
-653236342
-759059398
24503401
871277777
264152745
687021974
-35320984
-14031288
120978581
-333287153
449196035
-404733992
-279641390
-352516163
-599632372
254651584
639925219
955131312
812638142
-673553329
-480565866
-195303938
698734459
-491915296
402997161
18256919
502365661
-873436379
-980926128
-158001447
276580011
-306551029
59268501
183686790
234397409
153854396
-984019588
28340832
440064026
-508561589
-370936283
760810714
952429990
-508518194
-879969179
-87344557
424167091
5173719
910215199
-728405512
-249756199
-572238468
-410293029
865810144
748364771
-200402387
-502230418
436170642
-158115565
-255501477
495938330
325144937
-482508002
92481044
-294232204
-509268141
859918706
798114347
-33073837
-209588642
-903719661
640798316
-49852108
724127774
80673657
840882432
-558927563
-20155414
-616887300
861967567
-640479643
398848257
73262680
-144939414
-674106562
-922751855
41898397
-270811153
933568179
-912602031
-369167603
542100973
320253931
396418034
-501177494
10369459
-78862487
-36457274
-836168593
468436738
609966171
205533524
520430782
-94999586
838210452
-548958063
-69133471
-110496072
572447833
-951691732
-455653508
96736486
604918422
-681473668
452421498
764996565
965272139
-468774400
-521752983
865033051
-441229488
-870047298
748494789
-520207143
-157430459
-969223772
52480177
796377288
-616184958
-611806521
619884083
-799394239
-650167991
-413824201
904732266
-668262548
-393080967
-810326679
789581845
-361332031
-288679534
890566151
110133025
174475414
-422171951
-227767434
-610826450
630724420
786629281
-240028029
-928028019
-934838272
-675758138
-353020002
446448811
769423855
-147351270
-711791888
514130732
111407111
464860294
-952454351
-638990910
-334554978
-673466920
-424135537
-895556441
909036875
129660851
-625299963
-62432287
-950600439
-79960455
-45407365
680036780
704609082
-193508444
122950197
399706418
926181763
512353338
254169906
-786301919
344523129
19175945
327598766
18491408
562130810
-218693976
-570091864
-547098143
-4387635
224007737
-930564931
-151316757
655411453
835679492
235995318
278318749
-733491800
-353908744
-497420713
509213631
-951412000
956908895
-702974990
458873494
544868625
255419305
969877602
898409897
946721842
67141594
-20514413
229310278
-631602972
-809941702
-562193161
14815217
913695580
-549010494
-352627699
-774761519
-469151667
-180738668
320628366
-543147009
-616504093
217464282
-292912433
-122090867
-392756298
498564411
484118298
954241643
-320403611
873987115
451399146
-90694980
987211065
-414357171
377182325
-379129280
-841022414
377600730
652015469
885790003
-233093102
-82280694
-913726991
651085829
-862758598
-140631337
180934414
427398702
-809595061
-359836166
-624893675
-849983032
487317352
-671976332
318541543
932071051
338461737
-807551077
374587306
381662531
565201115
-66285856
793002250
41083967
506920326
959573004
-721699307
977179965
-260289190
-485533525
75019314
-924716883
-899021173
990340857
-97337408
315568007
-116273519
-151123256
-107948339
-49138121
631967994
270777479
40009083
-878377403
-864420050
575892497
-662762486
253367089
280123698
-694293983
726547978
869886304
-50656756
-324828641
-72545831
80263155
-266495606
-59645472
-419615838
718626052
789573121
-792307493
375931263
-53768338
671593264
375754090
-243955933
-59633474
-331698009
685154640
275674369
-852904655
125522684
-416326308
-718253668
-706241216
18192015
-741010527
908158633
281499222
-890283187
135419991
716660123
-294011648
-820930086
360445542
-784621190
933296357
885117378
957910492
173496324
-963757561
-183330910
974103900
-841642635
495532620
-928513759
-986799806
-965415147
897571614
-437776621
-158899301
-175607006
398352273
-286222666
305776819
633532520
-807530849
-456382757
960534446
513250934
-826614112
-523966655
-557825338
926202503
617249212
-719100238
970821519
425770647
624554784
-891115914
-240115171
-721990144
56442616
-403197840
583651825
532899465
-762473625
859487460
160509067
589632129
-951174289
-973142516
96158252
6693217
-981635159
-816368584
-887309702
-902324590
939541931
580997560
875755252
-766839106
-755583893
574274384
-783314523
-584569146
422873883
-754006538
-133741353
370170514
-639152686
632334128
25422127
771345302
-970354219
-622584216
-849871882
-104830174
-558974534
-133591961
-325116999
26716210
-598763466
699018768
197104282
528008601
128763203
226193846
62704632
-611547447
-512615462
-538703989
621533712
892218915
-706328237
690466783
57673819
-922261999
725256610
-269765805
262297553
121490350
-16979874
667135455
48546412
-259709185
810517560
300387429
61851530
684463157
573375954
690176035
-147483994
-15865463
-796621495
109016511
526836921
-895926699
686805661
678391040
578334653
12109792
-855247960
76447618
-464253207
453303579
527704485
-713820649
-956806770
-644478004
477515825
482612165
418597241
564219918
-729579969
-941504769
182522117
-50991886
82169050
673105209
-260116520
672214212
324153874
-874218613
5195998
-538621399
168932741
-222851331
-678101971
499466557
-305855488
926978563
-454010627
542084560
-434377988
333369301
-684462737
-225842365
-116793158
652998781
514189200
66810168
-695284070
226674245
607255710
111163115
733396776
613497124
-716091785
638750311
-846895726
-100771798
609100792
-878553442
930205659
712228286
471693859
823255252
637912372
859691780
-925218254
-303470767
-630719222
-63541595
-641308663
-304690098
-631373778
-894943666
919901518
-612305258
814364694
224674299
-436267228
-796548241
-675369609
-708571432
-282236954
-854313110
-497177924
710846381
-461373186
-443091280
526571775
-121105222
-854277234
-608496284
-675768663
464624884
-516606470
-647674411
701067679
-180198783
-703946859
-882222075
-179884800
-50326027
-87874977
273438053
670641612
385633095
585746577
657619846
376662193
-64961466
993273001
298446831
-495542575
858961351
13531875
-982174544
-199104312
-55394443
-465355386
-110854661
350450272
743148778
203702657
-658471097
-497223941
929550580
503325148
842250775
785127356
764632493
-966605055
806970346
785742769
525510114
737225251
-540693113
-162921824
-500992522
-623603823
-615958482
-118456256
-685766217
824394538
409560423
74584259
-26482524
817151792
526925410
727697508
-525149907
352264113
-59544821
152568270
-704404157
376506488
89495859
811398309
-668987346
-149268356
32903904
102058557
17961671
50205909
579318736
419925020
5114644
-650982458
-362942630
512171712
121466593
184109286
-684329237
652411897
7426185
137301979
-695021473
-237320586
-25960423
-131900969
381083907
-315670637
-119019779
176925011
140425305
854568237
809322002
380536047
-691915279
-937361279
794341586
433367243
779159186
244066153
954763632
-914136963
180662583
755130175
146879726
-829734239
414254493
-185187203
460302484
-631222572
724356806
891998016
194837207
-909640223
75339267
-202045232
-404220150
537378277
-314268185
162052449
473521531
-617047363
336690223
299324552
-995001446
-566725184
-115562224
-417466579
177986495
-484488156
-735900020
332537988
-421156462
380172869
-498657012
412204606
801149074
727559129
400364204
779420300
-158653747
-906581246
238124930
-229125574
321621456
-368976624
-551851727
499363441
743416930
697480273
-942999188
-549934888
270214752
-145371492
981350466
-159589724
525401481
-136516348
934810765
476267994
901218379
639215188
171972355
785887009
569185273
914048198
793507640
-837715956
-189904740
-157664819
393761415
-380777886
731273393
383466422
521852963
-982286170
-934219180
132782456
-699251309
-445814934
-958414517
861845727
-828037948
864028246
-770988481
560365355
-42509433
942603538
773241205
437097208
755906127
-652643155
367155702
-978597328
326159302
197279707
595888298
644241277
-370634638
-343210950
663857078
-267149389
-430847474
440585561
487381282
-231225336
561845477
-746317642
-568492500
616930423
-74262244
303485056
998552542
812411566
70860899
-729986072
761788174
163589186
-428405336
-246319719
-273799624
709600467
-482696952
417185207
100103142
-356316127
-926320914
961610167
367287888
-921252345
555695596
747478283
-13280014
636642957
314946706
471432470
-868372804
-168154395
538083202
6181288
-897773861
-610670191
-617328309
485005467
-437488561
822763409
-562855503
894027468
859634037
-971456570
-332025612
400551010
410129921
-703138496
-616260904
-240140505
548003728
-765858096
73315963
836972651
-410214117
-633446049
-497688211
133341297
-457288488
881735643
36263975
-893717061
-129261385
881996051
728367635
-499091607
268420618
217154208
521820884
-383220694
-51320116
310253315
-83061979
413098877
94551751
734120064
-899639188
52416572
518063787
-981560167
-275011848
-420701726
903949765
585198123
553855952
-7253734
261134431
428704796
256619066
-531182421
355858689
-143497981
-832237180
106806192
139341270
-86107446
815835701
635903946
973214206
458682396
181184623
-630505266
312095459
351807498
-135971048
309641841
252483397
-202667461
737980159
912331802
943237622
-352825726
603165586
-500813276
117041216
149523378
-780911610
-614620531
127111069
-296408358
-658679594
994910202
251942801
839798988
793724298
-763184327
532573771
605042400
505346212
-616108163
736449149
387422654
274427045
-355082232
-653208038
140277433
-136943817
-861276351
-877034894
637632363
741049364
-326375884
-636686839
429408542
449921500
-970886575
356357781
-490019273
-119439905
-165940982
44150993
145692858
-258930978
-695971472
-584316294
-641924363
266947801
179973113
-597101952
-131972777
755506170
594231041
215130326
-900080463
376677691
368782009
-781773505
291413612
-488242518
-272744059
611489148
-321140104
280896339
20723912
-427560943
-290156962
-144332503
-192741310
-295243347
281083800
860470723
656418901
-291190597
-880167047
635127623
-665584362
-675069243
256761287
-435439218
285536171
-361445046
320626190
962007546
499019862
-248612774
-544107461
422369422
521886598
-465003912
-605189847
697680596
312346741
-174344284
-129605814
-899867848
-448487042
-762998731
845296004
942145050
-315854504
-71783251
304323920
779087978
784282940
7060516
20751964
-865262737
-158672887
940106710
-862658676
345328482
28021752
-519137389
-675336518
-435271032
735058992
955357058
748316952
-661736149
486994884
208682356
82752189
275911686
900944007
287497105
-674295294
874661304
-529096226
-914829961
-555032308
-764506025
-347117953
41971825
930875175
698633087
-543771635
-964215605
-921287662
-863948249
-167345547
-941739458
481596866
451104816
399760380
745971268
-93255388
-212644559
-525974156
-50356792
205552935
-247971768
-585343888
-397049851
-426598807
-775018718
294073171
-987402930
-11897299
426712685
295828466
961415479
-526788966
-472668269
545589473
-219038931
-348754401
712729461
638134526
-70742171
-59714398
809374199
992847156
-816102905
-737342780
-927204163
-739088274
-146136591
683355170
-54283640
912112182
-491385883
-77347813
-771274534
-100254507
-33745869
562681680
341459790
249625591
-436052286
514750113
618284137
240970454
-490335960
-473813365
-848126761
-218242259
-514401968
611380261
315328933
245816650
728612975
366806259
-827944994
-320619413
522019499
-153367784
