454601753442451847
478511057425118997
-47531319277397250
-84710016947191357
543283631685146481
-522111139501254858
-343731580175941034
159759093340775240
873367373515926382
-267719258687371398
-400035779059173185
997976404941685447
-616671205100255292
795900249763644694
-434925997039985929
-694262418877320880
-937429187953140088
470395789756855474
335308629656984128
-772117167537810060
92235033441791819
-860044220336095062
288738862764252851
-951492367912168468
-519262864920041232
-641637770836229719
-546483320032929588
-447352471966477675
987737664996112936
-929874368713717943
-744445041454910623
684366122267984063
-871274238645523406
180074079826297564
408642585799920761
402262813756159208
-220534526113517710
-386909887206719398
239898921455997306
486419035648511196
236300090243342711
-453196697210468691
889267819947813462
-208778091034545200
-653794333423430058
-653088753163143400
-75755026105124
939919495117003532
-180421989432149289
905410733711981980
58026588675076717
606033579493544742
456344439278482334
-845457398110739907
-126810456277242606
545456459250202801
-28677820652703283
-182473500064107397
-516895394584550259
-802674132790944489
-174526348552831422
894209076330150443
-819322162740561102
-321020238473348969
306906445109399098
800245507814893722
-49799007678522913
486531212552849396
123326293261718028
434796105123545967
77162609768102526
-518319937192453986
-121197631211748081
836973624386276296
-475043157729503154
898021532599968931
-499925890730198354
-181502168842364932
945012046328622107
-721460498122631188
-106071018370868262
156861471997229748
540551545210558574
402414485972301859
12273440044460045
631909947157727463
-200569303863407671
-338860496833599461
-831256171361381545
-692698760106397834
698583073465425206
725562638222566275
153739450033558480
903332705343468156
456034606363954372
-913739717151694783
-47181177511715576
876980741779428038
614158016577115699
126873325263203392
450040298147361582
74443388793545876
-287751604063565781
-942271759001114788
884428759464627835
-317633813206912952
-807983125394942437
696645940646142807
936895823903100265
568916790067267534
-587152815052026111
445750737306347185
180857676973095807
524132205790194210
-383521186606078132
399753001633733977
-188218563901427781
-662599245348432516
529217575120724083
901130174542236892
101638481354505215
619788072874477742
465398432286050076
-928303858386957728
183061230347909112
-965883500828681717
-873006820386090933
715421285135925845
-775151969819131467
234583744439417118
398080981773514594
169985955333176919
102519561175656014
-973724429272483156
734745233800286136
-852818037047709139
683734224638969801
937608975537165791
533851735021342313
571725190808749637
-527621698822592949
-433390686249304919
-557809284536311001
22636279725428947
613775380212651724
762378002650011745
-938685441774848460
-940510055678724372
79196197730601606
-333714510996542957
-536439165622191536
-718052707806881442
-226079419301573499
-876967431338538500
396682665892986914
875324934422834399
-420031445796530774
796001215605411012
145953746184238027
692744566740533367
755021804871214606
-176089592767492859
219576476481363504
604646651302282048
665874831317848378
52643414059297626
339137727544344822
168622913912507642
-231912318716528438
-190062153873240737
-352134769872340566
222445877855394312
-299304559435264614
-782999904948200517
-133737078181494441
465652873144211429
457521538810750228
567587399479008989
-88858867931290602
-661423955800250243
233151460181100041
-633068769443018563
69431373228720540
709957337818016341
470884932128995773
-203875680113226703
-372518283408748037
913253546741480524
-68133242594288839
587561721551196107
-708697894016469527
-215704783270416570
18783806501654592
-505409114496931619
451257772972863396
-717823653648238105
531356818986059334
43890232140358336
273966244211940036
636960115644968554
-74824614365677967
-547667449273621190
-40641618267295683
120360124201449387
338505646863552442
-970126624086153156
-823232292258677584
-628403181816021342
-274796737794552289
589929124114100557
-123334887045453199
-264328575440208915
-967831805430677756
-647699055168947503
-506215010366255632
-506758085103874379
-582043389670983007
-429261528213606641
155443549318984095
-850749659923808986
783345007170871089
437065577106493596
-970569558232495459
-492004207554042228
44275337286048642
-757117816420637050
701137663860887613
763354168221715264
162826859386972696
387892828994467269
658072840839881508
-890112985178270474
857775921410148375
26131660017599441
654389854987192031
146126257891680301
-116203908861416084
-479581523621843029
810398333260728002
713020454613349817
-370782389380110978
775220927807172811
-214967457215805764
64814222439572093
-504952830398088950
-85818351094529441
-921917816513419590
662149618653404702
-946630870181360750
171974324483804407
-529600937287626388
653297676838613595
-723208324899854061
119586531423948962
-325620391369828340
748585383095485637
-998438995865086137
605281939748011993
632388768851914872
-719932381518035857
227544812194350224
202046410311468913
-794188639100615836
-681081351836683202
316536820253744431
329132486083412019
-249503687482634945
-363488608401358117
-2851430568988947
822498793250400003
-162751311146054276
-249044395189361820
-328491941499591664
662044359791157654
-145887887398410912
137580031653741957
111744832371970681
483263458389911076
-212087300723616882
924993114264542278
374048032140869151
949238022160274253
941520787306640280
970334365717074290
-230253377285691027
880078917453283552
707408122929060305
-269358013621899170
-762480816145850961
197485940395483036
25192176397181794
-566539025264015477
-516967594005526756
71301740269422639
67668233061244149
892993445377185496
-482855559394130727
-189694657541184567
360796771530488196
-990111398593691735
-704784367773472854
-84686090228037706
-665761024173479048
-713423061380158096
778196854056032131
-771278673998391434
467840845082372992
-308051488162708013
594336463628786512
-700372551009202322
-913624307598986660
-918335643830091618
596859174370376601
-657570754860571532
-905835072246421653
-143354963727464868
-220784234119750541
126511498413528633
-355877541471596023
630672319744727970
-624479616257235435
-840266100846951398
-197164801287980691
-937314630891046558
708088623767345149
-996619070476761418
-269835955887792543
-663004760499794751
-831908189032271951
-91818630872318818
-222103408841450059
-910134364659994766
80740027138836639
914013949112049992
-40622950697302283
-574942338791600258
-983984966362280927
-557093716067349823
331730191554559819
385743107195026094
-16214290746442018
-500248925834717874
-660937435403761412
672524598825693014
89569241953411128
463005495496470614
809385847820449756
-37966887315647800
346744611124914792
-941768744388480877
724605066855234048
345454357201161471
-103607025351567417
-574638266953734041
-98119958546097799
-887459263915796200
72034519318015451
-701138424653364780
329109603555550952
951234642826449694
247532096854124370
74946127088033285
113007484757309149
-603589160557128596
630160097159964609
-951776721328327382
895937983874166861
-829005721818509633
-620280023142389414
61492206122857147
309053244893283798
245719951969630129
853581649535017772
-949217880928555497
-542841431106960759
-858836734598793350
389296890317814641
207867235624023437
115888041528103414
767052327320353968
-15755664911204547
831259045518285508
898739536603747995
-660818870786240155
2903127222888172
-617890909922107926
-60068591559356947
-790612065708495319
-799246578767641140
202464306070743453
-217144128765763221
126994247354738626
888637355772920842
-915211919489327449
250692345139314705
272857683058785235
960143542265931067
-767018395294936984
887474831214315320
367217491108513152
723136624168642111
-685372655798991798
141438874046540244
423798751177784003
976776520122701923
-228980574706473340
-300671569478100171
-640809746056208444
-968222586491663357
765146730011337631
-380951002794279843
-505016491038965825
-45036294350455871
-162933618576116323
88292396392137932
728903370605008050
-900702186910726222
-17752470901037791
-701570427637288429
254896577859331809
-81481801470203700
-334590651455408965
120682804109334218
-450217998038188508
838366215089422621
-680217775081706693
28956914841367174
-804305904467688005
40592796337327220
480955739622697560
20680051073790053
-449057308816020033
231900874899621692
747394903436780197
-871754915947768870
465387823361045547
275633510278327730
-511852181571115211
-626804715908697129
-599662477700743100
854774899260159456
737719812176591817
-109931656784921621
-772946630401882648
-208817095294358142
-562884507607308002
-445334501638406673
-826322368877738831
886925786656759210
-237775098977762112
956651627749061882
-318049695265079210
-289659246150813968
13824568360269202
524512633209035289
-158814313421919668
973342674699228519
-496122400270458192
-212870632689884341
-526072774190571986
291221648097157206
918118753323500532
812205310208932823
984731153204490903
449350305954821133
-610564599448159141
-580943908233229625
408516508650787727
-322873693458591036
808531258435130838
-948589608010832262
-533544962400803008
-662864303920261974
-412015641891280716
718184357586389497
-962713102699643689
90686252572034622
-201286831102551867
419715415534424344
696974300410482335
-843869421694087063
-737803893873414033
-335417192099500558
909559206129563497
173385225910579863
788374069884416136
-26732335237248209
792775105458693827
824790707814202737
-946241898487716117
-379025332377246765
484199622944903846
317844682808503591
-561743859205873420
-527219203671647023
-941060031620292167
-453667129353736486
-344697010465546080
484310916091184081
419838312237981489
6053121513824210
632298408218062681
-176040327739336240
649059924387407141
929430919191587635
149539260740222001
292437742097844862
-534671287468855754
-728215556515896160
-101528226774914788
481092405493075296
513649251195469278
-610256001783012394
-477339973390529985
-286044598607631900
-665801608276400
2720671697837047
52541203684433331
-909826222445380266
-840960818353361415
419657620469023611
-457250912890924702
563516307026624643
793043187761666928
-924467592831373017
-564129839939504315
-943440071714095136
639176332395320700
-505021300610487306
504392614007006167
-534283023361144873
-125757948976041750
-415972003657741165
532528769462969126
992423164345119768
429849580249062166
-956993809975761331
633373214669545790
-602118249494204042
-86969311723541100
4120270204916862
290817222357272625
836074684522006984
602487243751424847
-176893228236668421
-606476396076459231
898359504575597443
-894856413445476158
-597398810006705020
312194778591815347
-469134628115598267
104209020176516167
160650990038682824
-585199433286750868
-147169801056989058
-502416081931212310
988146204022073757
886034319550983435
-551199562391702149
366269305553587492
-967587763601188923
496125972699516009
-110527387381358095
338131347444802168
608608952185555717
27297642699202276
174688093853801551
500316488023397144
-43402816490160284
-307446759309698828
187444623820664478
-959492955714897700
-882534167838859562
333708836408531411
4028710569333729
-83064090201517393
33186408276621908
-485553734626882385
-590094457070781533
-232103061513665983
-176367028185493089
-194489545639428808
664773668630007897
502017803495833500
-291309959443644557
-625727987976636874
85037360479305472
35768775067073556
-930793928952796838
-254387906633160690
886839464132467357
-788780059580549731
-183682955485242769
-344045145084809876
188624487099518196
401631556115605468
798077796812088967
-647854005700028851
82609400259066071
-771227216653799535
873756840432279460
973433797339611104
745060367485236000
-375549016573405068
-22076020189431740
362800265319235866
583493447419318038
-884767093012849090
407152141650032381
-395611281485493652
-897205334165339370
-616944190220333509
271114062219602866
128738381370526265
-677405541756056209
871819505065047805
347972420560390360
-106657551916847523
-833541291405638557
-615116663908705339
65116251463123457
977428875106869833
-428278732769142660
180687440326355346
139714641524078670
550177133755680771
294146832189960302
809300037911822918
-701156216530672023
-553236228168228191
850847455693641708
-791514015713278721
-825827849528234052
923792788598047481
-82765182611317532
210548419774055885
-728576673321655637
253045496364131463
206303890294034110
-310907593954597132
-888589174280460794
718619948199275818
-877335650128445308
-122608245516432616
-441928331928496566
-720987619031578065
818578870889911819
-406695807119374418
342704116858975514
77882814372039028
903190549396025787
-101092705978123519
642234291887034754
-369494727348742833
160351180044640411
-338950023553037248
525887768220405133
-711044785400120497
-38203866406587885
754774040070319340
-718344446930161357
477126476613976185
-230201079557394405
181108742496600955
-679154304329499951
-654561972946047968
399984877313546648
-732338241320721937
-200849159747575226
-687562436956150003
-586151520964849031
750098086542426056
223533792424182845
-289943446908761195
-331656537754702091
-703853104123851867
-28607330446047855
811211273342241337
887891641240579008
863880621125307206
-514761774260691171
674102603756904704
214241120858703860
402758801180409511
-657760358731955205
-636509552384985885
885301895340739467
17516878022223861
-38826409403568617
-453877030016810736
519722584273476720
953217882878407659
188416627565411017
-307280634939196020
-437411002087034279
705938020258219478
-725030351061897724
727485740561587038
-779389718531275248
614968333908263556
470415660104245156
596010305622684490
-171230818796665295
165933446634917025
502002812865531369
701893740388113580
421292204862448024
703645489565392731
-561234784812459897
-725265382702263651
-37718303422782881
793094298171064593
701973552574592975
501227518035054340
-432403387797873734
-164536061683787991
-358920909566905973
713590727802071210
212649386808376591
930089762726797772
-322966066416070777
329917643098501922
206583446069283935
-690326035031022168
-426664880357279210
-455731908623922504
-507501296849156966
-144596360182504458
9905387409409094
541735690217034635
-239889602984072137
-889974911586480705
346987413387899857
-769544015342542844
-539523326066572276
-783984790714192475
-123079062949993973
-516425898661933435
-107782001643771009
923943532016017429
529006808821619173
-171522293500142390
73401260354243923
-382411317144242820
548329253135566532
-526817764038139087
-291528927914467849
-815129818851359546
815488579257062163
-306702612368222023
555047188456638805
757672433811414481
174293289179028679
-173597068027414426
819810722742000613
602692027212552606
581806270127926629
-544139319182722889
-941728627148600242
831868338989090773
156697128534852457
718707831495111067
546296508759619296
-529560091508456869
-471377687476744069
-537384696391762463
-486613965047390645
95790616076868063
621863893076048578
-822030504599004182
-741543607192726013
-190760466070635989
-34497264013079322
755625189702254627
184265047388136559
-393893630225366931
-609031497023810899
-58114216176471371
-401404858454158814
-353593769239205766
361340609915231017
-696024690220603546
59979029091785474
-259528009243245743
-712831989625568990
577247025531271547
945337350905886298
-131520418058685839
154939512290462005
983213811608009255
868188574519422724
-271008578540538752
965341166202307244
-287845043929053099
-47616311982841010
540427411738551326
275223145905725441
989988849231773468
-355639665457989678
231228194247526007
314856986798935117
-944868352503787585
566032944507022703
-41671776288737231
861242483815476515
910592578658403294
600440055432828801
102082451807295390
136079591337798805
-957718233478962352
-539340642080329499
296034587608457644
881256027150417931
593329287383453063
-900331769647601693
537148702649502632
-542093661275180306
160923675281595007
-556175088544544310
-239935277426402226
-534124131130268492
210604836942046001
-893499308320243549
847759588224085265
-385884998998551097
-367660801497239244
-402987382099639759
414910444573701904
465883291763358148
2963586160431808
-529136169565862783
42143342956864169
454031840454953699
727566636751944363
-330761315177699059
818637619426534326
566197257458769642
-504788765801070920
-923247329322450329
-224909939002572246
-863048610181502389
-493753198521897731
-333280766862454739
987836204262659829
-846107299788085774
324034694053293731
-293051048164556210
228474246679447048
-36805229997625170
-93370237886575573
-19324919176035176
-5209428245370571
642981338632265860
252738392944841429
577924898544105171
581346035392543175
-847114707310559133
938365691131948100
132290710460639559
-153021273275936013
-930290200221669566
-281186971341870095
322412866552672431
-914424712660186679
-342680903788489921
310843543504990748
353924443059642768
320809038031974076
-28502575351618236
420492805288306391
-105459615883362784
-121894125938466395
657171697123238742
910939995330672166
-128621892275944822
375230583646815574
-668144066524107827
-713092713954469563
312623905336932635
-759820939521395058
-34883643738338663
-142149965001541028
-302373515830181942
939076499787387563
-664711114028483735
906178382042567789
700379499919080327
-697392364471237395
787646749238414465
219711212054908908
143108373383699218
-663999989613085452
471203330260647623
-34047479595303997
963348127886121036
954005004841851387
-695380139266004478
-50761839552779069
261524480727858108
-291015952696824511
130372350542257286
-549068907414505462
-564346905689360431
301670100309656390
615514609166817430
945050358978652794
-4313017821238223
407640135776768169
-494660600533357312
-13032337611493606
403529719586320986
-261960750349033121
490137236751687656
40464685164258042
-242311137881308824
453016113434072948
937651406583937096
-309575262667999356
-101449348876459540
153946619342580873
647610285292656898
115013886751533185
-795276873602852422
998630927650222850
-224564011466448782
521801490150282309
877614791456570504
-254216589477515556
-676694799113124661
60427623395168814
441109513748984411
278726720327848839
-767902992972491466
-721259709736367083
283531016468476737
591814974201932237
463679359825101462
-804628031218564619
-169867649201443645
975544982452068278
482842503381812731
-345450513923744118
-925649341071830017
-584504163314386161
181911791240362206
778170639084809813
596726170567500836
-967551220812415774
-210636844552994448
-288157365708567495
566137020265317634
-968919825379323317
-744585450812174015
270664127730777216
911889400492482340
372504205665548329
320158754963497606
295049471211353112
498894231251737466
716992445091551424
-543150329633712834
217344967060371199
-492692219495261589
579404721537960146
434764520951140091
128615730611575290
-940540412875492677
359196312026290986
-723948635108207711
-208338764385927597
-507929830153369442
-938995721971598579
-42246578599694581
-491002866637196592
-200750640675192937
180650748865041932
752689188663548980
684133624986572053
602720291637963042
63552075421790791
-4578273252147660
852286206214567258
-317501885207264812
-458782268911301653
-710313292895341866
-563978854082517652
-235522019908237416
987682822769603724
269788048513855729
369672687029218363
-774770946154404449
-382598458873420276
-100277376731429036
-19169092125007618
686459584275304049
952930184740966229
730481334074783012
475633179437246204
764203304180274503
502345051821452192
650893661024667653
-673748050592558680
141587935490206399
-195109011867959390
-997136388764281072
184280972448080231
91685000584060750
-873327834840366958
-570319689050409158
-466834732676801121
853298282690762679
-274853589385002794
-887966537261840182
759227373599722515
-718084026001495492
717145100439231359
-194460271097302351
705473078511547509
-120610788657907304
-156661807169254911
-282524371117494979
597265061980519799
686613251159981980
624427801065767096
505318500188519130
-776333767982026135
-929783389523855253
102327421493387594
-522286748713513083
-370476444748214185
76872286535033137
191447426299828437
-998012863747350062
-601324371269647954
757463283185038442
-266751937851998851
521170536176909472
-243359731795041888
364321088178297106
291300559269085096
912916951293093761
64601712709538111
465615748044179871
859701938354004727
-283484581136469925
-936454325007138059
262444683025709361
351067756373959232
82521608141001574
-194026881151566791
-398905807584924048
689373922695650226
349858896236176697
90701339054801196
-131648343507718362
-133890453372936661
-223703859126402696
228286235184553013
-952905023320795651
960013098027494949
-660567556132526370
303319419214508153
-396541838860274885
-57736359545409514
-288072464022774934
-238704332993198900
604765516322712573
193424142779955160
418260195190359063
312485690768697499
176363170851260686
-306685624306570487
459022069239090772
-140842788024347994
-693557765048449466
495011742511064141
426797236958199231
194939582933224753
461257331455781882
-440160894020631600
-103152363798147578
463077422746652407
-543662248820443999
20248063550264172
-142564394628503858
506901078637770236
820324376722632796
359463210201593301
-173566898407811977
-365392735347311081
-28693374098025058
34371973666163989
-323630945819837662
-357351952081073583
-306692811840398905
568238279603714284
726864678325609443
624519747867433219
-708519310893669578
902763295362816679
-637282343230997992
-96692498759043341
34901691524207423
973056347487746168
994135081337963403
-631770224496052667
211576584302310341
-983051184733584459
56671926692830698
-806015376661332942
-969405375060237871
188053844902411338
-781408044101621072
-313810083039186102
-243634879741894677
-756171204811710787
948030591915311167
-498669348653128665
-462462642316174925
-352464485289971324
-312609742951603883
704726009432282107
-329615745509817554
305728255073994111
-806968933308362862
193727890577464072
-372422333464699496
285886055769868500
852447597709874171
986045921680741968
764585472953234109
-516937476390560559
902566474052568847
-363260102735710219
-473999412530705840
182547468885232614
-977193307910223579
-631431084425043007
-971243771722924916
812748150644411546
-626107629765792331
182119422646757011
876273056738348475
744769277972310781
924904866816066007
944265306297200757
-491819004783111920
520676014006519805
-814189354780639644
-134623699077627889
731397446436412557
-43062329323669643
-598769702205430458
-703729917323980992
-149518315933116627
-999356798032518901
459054504981927098
-326751629856159646
309062748742514762
978804513965217031
-431047043176514898
-15823144034494747
947354812047416565
931196914827015306
293613975699206646
777969141255195644
344148777177725693
-995432093075175081
-278203795456282236
424796127044190807
674478989591520849
-533968170226533112
394814260290280471
713659132146968062
593462633508589370
791743807976821731
-977822327092776260
110348044213394064
996540510836597997
386646091224514829
739254645793865373
694083910682240356
-796229792966579506
-470541895277611260
-940759904454320467
-495463726295683715
-215247224367714569
916230752754457228
446582256998583476
-696922039214809614
-701337214571469833
196447296475377321
-322337622993957375
-340874744127847078
185502118683639622
-163788909533928026
288164799282978631
912613296270935256
-827036775281163336
963228812024723171
824458050197904456
31323428329174652
-996123098662074969
-780917645368172228
166499556379091480
334015358821421967
215665799114273586
694944162166760907
703731748345318348
665554687145112460
-949024703462088023
838090298002191370
-674516142262550974
495061759786801900
-22331978525481419
-132667809807340130
211621921493939644
-740508965193151588
-973988170711223202
-986998085540030669
841909626915415126
-859855935704472421
946226737172218023
-842689573349011161
395754925854858089
-635730315751628052
-906866357296045068
-968314307594810280
-525175822564196068
600464633997607519
-11258110498044678
418837437227188425
161170114345658970
-392727240084829957
149624927811687698
99033623728434829
500666238710539833
-156321265787102962
-737871626695128328
852805745782235620
590206027127263516
342071340572978915
248563932147146353
-999229850985943308
217145425956284536
257686353865882149
388215012915469703
207924624229381711
-862196752079188972
137079201335630456
812073183167701717
107039168471887470
-65168205189497735
597638065335597326
-527300086915916062
-588524786029954734
579315520498729522
-978445133781306762
14943347984080138
262655728774746385
329913578536766266
233851353829116282
631793065946084602
411126872172291847
-346048441411298402
777496754855477065
822756757782112934
923327377567671224
647063493910090080
-701926140701914317
-485933109154451014
128147642814217276
313776704309348530
671623290613236295
-35630359747124830
-264981146870863561
654869972171812486
365940317838931203
501535592044917761
-824768839122513620
666926069070595063
276005258010672282
-72385166336813231
-93224814112417287
-7811657832529792
-736891072532632272
-875902217791290978
880127969976744505
7116185796551045
564909729529787343
431145236005168959
841041511530397553
-27086673834614723
164940331319022296
21963973801303521
283531340676854243
-857987079418409370
25953578297500963
863737486341618608
720827240992734836
253340254182866224
916500798839553703
-189817877322772865
730774066879981881
-579999797438606955
379005309989139063
706762925864650964
-864813102998588710
-323804213266985697
565716253744902549
-553415762968301533
-635518666171872525
-998894813392788329
633779353983022313
193459930521245484
535848493007334957
820182510885602332
-682524406938826856
451241700733826930
703846792031012679
-700538186346249549
353653837234389456
167822638521366094
170177198623100691
87863652103582924
620458831522679319
558949996321997878
763248361351689033
404547335598651954
-36995791875001965
926622560287973848
368026679477204937
344107694967279723
-422597143571619137
-725901108939077461
811119111326523592
-585861652602246012
62072527837283495
630471728964612843
557693159322123060
-581979923661957672
-502779459012077381
-34583048515272002
-683875043640018599
886279664175624449
-601149233418379613
177278336455017252
-465296077301315472
730802669795216953
259282025683113009
-531202195373824547
-134691065058684410
348718157962410428
57435955936123224
9595355324908073
-511866343080861846
499850777973690329
-976054857439679924
-138505905999636980
-281111862015851305
891873251903812667
617728057432875832
-507981615585285582
885241938200414184
549257059936945319
-655403036797897451
-328715617539992646
-598576975022856200
-986767864852912139
-512264449113873498
59454445899405500
-879966001103007898
-995206901041898834
-4118516048769974
111079290828435078
730152848023825778
-264426292730036512
-74896595851988816
644494848448583336
231989674764378212
-608289900468981928
675566842186036606
-402622173247509924
-989614486504774967
479299891775231563
942454259566633454
-78708595391282180
-643507261013619313
-6093493826711239
-692012509138376698
-866149253283139561
325736460319065477
267679689129135433
384592605193285317
423357916651850009
214735628071301194
563113955114246505
-942493293758885998
751756748240904725
-617390582952878988
32488033493353198
321008864963084526
363566212900542070
-947185414058261788
615663835928102181
-876104789428127151
-65935493287582151
-428143573223261667
508208706971097144
-480621905971948585
677614214306982749
872746267980236019
339665610339912505
52671418275366977
21389255468155541
707481296052649891
2549495093940426
-37511561149878279
879166063225121896
-81657575478635624
-425365022901289775
964828541206946851
-195625016852700884
997809709312268198
117477352491309205
919016861563267044
30074636588441838
528556542235389825
-732539230246921318
-340063352790866114
-645091532821680756
589756541532199819
897329996833865004
-108572520313717986
-619152964581476122
-546406416268914058
609332679946108297
-694337049168943173
-838189825838666534
-175575357504231839
53237914233957960
-434857070680056627
-866776730851718562
535535896796258363
415576302985507186
225512020601649306
-424222980404809790
-430568116865717701
-537186011863509612
-181847197824867475
884959493916501506
-939192491922450787
-491292545072261018
452151760811943061
642831538075462756
346009511783317497
770042582163474406
-339867923557384671
-304922757372668978
57751818519857905
-756973626592846520
-122938783012387087
815668586465474754
-196262576391143889
-818704261927322920
978292695929089797
509585308946999188
636646724177678957
874174790442452205
-545613864941579924
16882891285495534
-518888851684829769
-198533988741704287
-144333340160726491
387892530572644580
217240575619109524
126723395261066630
-421045180109294428
13614215842043774
-561302047124547574
-302020987665257883
962379202000400268
303463587683074530
940069795479648570
-985906687108986533
272419934186206225
263677500479882186
563519986851376671
514707525370636358
976197696579487584
-800779956840143552
760541049902438888
769638958183343138
690089713527670765
-703169448331460350
-302534813682911569
-751493438090444125
-945978571265588209
585768567881384378
-826493911422235463
-240303113061637256
-779140963870671359
480407542813694573
153733470657396402
-135596597852916254
58910534799515735
467207489006291401
290521943704176166
-639693604220436527
71440247517454857
-176682453093407273
-436603943247880830
-26607488533842680
820517285635702579
729084018596137933
-4152877621542279
-525829931792468432
425107937972185836
-885654320554174061
88396421065377248
-656081503133898269
-483492028870320244
-21152856979209700
-642110091962234881
-793660689888082897
69031043875873657
-687202309165449075
-571704103761640306
-971403288645295612
798206809454328763
922472114880037871
383215635112001706
477733502752715879
-982838806059408954
-220512929185027543
-868035841099462204
-777466430792584963
943245091144651999
231325857977628998
-837494566513266383
406956472886791524
-863543782002490047
646234382585869634
540820327651614614
226991261549983870
-596200363318393083
462072854213116094
-824129285679087218
668375182471447564
-158419618080931267
-765527248808909799
201759680587624313
-669053907640456936
118740058391666800
-711481817007133074
818077397604908538
720553624492727691
704682412055147832
-687421569876387284
53097715957076623
-400708677013463858
222481415779139655
-447445866952193701
168244074556060735
-734878973208421818
270815835129344058
158453471378698093
-961972234849655752
-596798429956873391
-486357658513021025
14419722980825337
486360064995660503
121364728024039929
25925723580089207
782278942181961578
-757855971326695302
473539888984415125
-708669548864698348
751035688038437883
594305213888066610
-197727921595354450
925638481607146192
651778018305595194
776603892605038211
256218523082530364
458066807045909107
881161482545061173
-385048351087692182
-984502817838933393
-29378075633123011
514483826724045099
383696339580584584
261494025376841777
816872368109452085
851669464673765987
-479351963282100371
778313148666147664
-56316516144588306
-105906732940039062
-988387718005360697
-130899921157931684
-709805697131053212
-392728130847335209
77569791563729917
678032902092998197
-263163056734384402
-821678663240240901
751603340154225119
99272480049295023
-631174724276221195
-594314737246815046
807706439600124779
612860400758925495
463460253480618657
-668933856822745452
946248897934666777
104477530840993546
796542766327301847
-682558042714598305
-202859789237166904
-118806612002405988
-953943796791371816
-703429995071514259
456826317901626529
457809941249773325
380486756076626397
-893495645063964427
546390545096238646
-588697180615862501
-457556495193746599
873623509224483089
-315984195406314134
-653662047308358958
436598075447080066
-799567101583666399
2142719801745396
-57689433414452259
981763198221814683
-182218510574806001
-354230712043030878
381191718504106730
-602932949202805587
-198217245653942583
278577839276812656
547991722567233193
854749078598662830
276590697908824569
-777485846910106070
251117154900904320
218561750354651039
-404408090446517297
189118185056091820
-839643982772398915
-505444935963429778
986006334977701429
77936767755797009
296921182495288714
-164568703505353118
568362796548829209
-55142449544131275
-615625111782586053
-726667541069130992
-596885663201649072
-252578163290497421
952246945736218004
-924059505169019451
-444690465703873058
-386179513191798125
942700343278674941
17896787405120356
-396784996559091515
-524495252422598803
847241673998294262
-211021006743569114
419126654835145477
-341551639752899087
-842405866343756152
462915900881442951
-987100447303759051
-750829728182614088
-294580515740289572
191414301177076707
-947357597315274444
-991418949562454264
-563528657503827763
-582893134846658455
783930542651703606
-675115782599920676
259188883795142179
-690203374319861938
-513193377787003896
549930785240772942
89921910167737300
484441714168692772
-329365240253441753
939266102447206684
781597460621560413
-61907057108015271
-508655519251458634
-689376068305746686
842979692213672595
410105568349866661
-196746998680856939
683667874305154056
-77793012931724948
697709575366787337
232446451652385398
-746712332717204802
42512355582940750
76873369287824256
-671717088395257522
165851695342057297
-722415377357739203
867390163163435153
949989245414378331
-376170813718180933
-359805205973322019
694264215223294570
-514074084222662770
190484634761770066
-165390944060524817
-368538552581759588
730402765508009017
-640271093490732171
-313230138019608951
-287067572318093521
537038437703658494
421416061473602620
577712691609501169
-586995923802063694
695367472866342075
365561165278443161
384014616296227697
564616449549251792
768822067479197647
270654668329492514
-726398295429896563
518450379868920382
144240121193511064
42659173377416492
242719376779373513
215309847679570730
-570021362722823955
-557849841263695327
77751112453168523
-614079103203472229
-851833291423467587
-174387823431032284
123461950710635303
339102960815702257
-791392196612255308
574170226792466824
68019783656889175
-818863671174474778
833640892104767014
-508934494170549570
-822465222785497549
5596098108465382
-511969036133910998
689585328379166045
730714596559474677
85736170864797336
30718521602753364
647166034045629027
-507252704384473446
273284833154697536
711887302683010322
-435801868573255162
606154095002350443
-855810913376208339
-588174809624961382
543813095368600045
600701808518072255
640863441061121455
-926381935312167929
284198370059208091
-720379813121800090
437296214819602636
175008853291429145
-951583691375164476
468644303843621985
-346918385598052867
-500024787154672515
-559337424297262267
-79312729293251372
-418368845635340747
620160815445878785
-499939229664640821
-940958819621506360
-876825364876480866
944955223951358420
451928701981072285
354951820238967287
355360271015637728
802878034896743538
-410659709545735052
-168282137944518984
-683305546912692576
-845480763986789838
-989420869945025107
381615482081674871
-619752549714058007
-708870648221707379
-242078131349839677
-638631391557527166
-828345774982672556
-351020633703778293
-363266236454904876
-446032121901079315
-665153456438913324
851884100209698206
959187747161496644
58579755737336173
188424370337669977
-974046017109582618
968941228402396777
-467721255322435543
85669719219012414
425217307406186318
536604427953308797
-251910180506904997
-920450095515935414
822528750208006622
-598155963390810339
-828585269704073685
-116558600384635736
285278183293648079
772553718239640002
-610426355513975019
-511368295306885075
707193464267108402
167161888453863671
-839718583559287668
280891828110099450
407309500659214630
600355078486808992
172841198717836532
-116741105319008373
73990463643357872
764945592137100817
-45171026581828306
-683702879021842896
-847447445608776109
-81111489066361847
840967528391868784
35631668530900414
344324931831820682
632035783638518110
910470994315150904
915331566641572084
157829797589635050
-402851098372959309
-498172265034731568
332359859503968692
-840631032452373434
728231437986880614
-622009159682831353
-673876468809507874
668144990425003251
-504790157745544643
-783157949923593496
-160655367458693179
-666119349471206987
818017866193447897
921143349085557936
567716620763705849
173276168751257637
338468985234235908
-824498768384208660
212663905876576179
-898776132941155434
194908101992592772
-120140549049032848
898682226953202897
-57204385499486717
-40922315429417556
816001502966304147
574554694556305010
-558266770334866063
-25917404889070020
-555475968296478281
46822520878982969
99883227150603699
-351845478222382395
-785593417848258111
-667874281782258036
261234723477681137
964534967628611687
350819611042851138
-488301999722486685
600380549072891583
-297293135236152362
250238846069891509
608575795622514315
599484744687038238
79273101428631792
-239262213014150394
-848316817972186328
781320923382272140
848833779109994084
-498865407620370361
191473726540054628
-14543232142382098
-520948355686889062
-208151754613649346
-593653348071635012
523235892844111234
365340419445440047
280599216503767786
226829053869294693
-619265412018256265
-911966910302839540
-84195876100235234
419661672218466365
-941449027904339527
-229492653996134105
262935556641866157
-822303706890961964
-623863005792447712
261010987117279383
-411247248415542576
-733281940838829444
525563309993661631
-944607579375232842
566771825662513497
-480236495801414294
-813305789366845251
-648062270112359206
315527858145316758
596883062992952952
193545150510128770
667118704081265464
867660487895173977
-824674779097316361
-697364150496066235
-480934075450540258
952173093836986327
-261526207982263004
840883454103488055
-313408201254616635
-451398327211184974
-763228457829355935
325989861494605434
-74738097340078615
583948392241486680
-374679484650554021
-826095913794237044
-937629377711472705
-400275897463849439
98095212111597033
153668039521200020
109957197679291879
-463282523253279396
-282895385551730074
399091926130915190
479800884611819319
848248581615968991
-836469242777852830
-926853229089171836
-902117875613395242
-257555067242153484
579764184543012099
-782093577066366276
-247907677146844504
-297815924804999685
-777524906791406182
367270439770151310
523756029589767140
-441648176170261097
714808399802186620
-673263156533252519
-293063007419969297
-137421081967157862
531685666372130948
-795723873052791536
-588208192306460060
726911558912833511
380225338899046769
958878611841674304
-702395203510952991
324835860167995206
-865969474928473247
841902744462656398
561339654818780408
308109892516067220
-797175546721986746
-402386256464519460
-181350959469382221
-95261888673228325
-571310112082947938
-15708083624141397
-19270598907545800
177764753081638486
329706304869446187
-437070245600906278
395014630755798398
422003111604789695
-59685183543904522
521608397675761332
384838595836517230
